24199 6387 16643 22904 12223 7537 25302 5996 18505 6921 15526 14923 22352 4266 24922 
13029 17092 24729 20004 25476 26455 425 22459 18178 10460 19621 14466 15525 292 9266 
77 71 71 31 80 72 83 77 52 17 89 59 61 25 34 
37 1 91 45 58 23 2 31 55 59 3 3 16 40 83 
140 412 466 745 764 928 1026 1049 1401 1415 1845 2569 2928 2939 2971 2987 3807 4048 4223 4526 4556 4845 5166 5516 5685 5728 6064 6645 8270 10921 11775 12812 13773 13886 14134 19481 19951 20287 20787 22091 23251 23383 23772 23783 24036 24314 24713 25362 
18048 5926 20303 18294 19257 14460 4064 16736 25257 20508 26966 25522 1310 7591 10869 
7549 15968 13965 17432 5708 17763 1392 19872 26237 23616 11354 20071 12124 23992 14512 
75 42 1 28 87 76 74 52 6 61 7 86 46 47 26 
92 27 81 20 72 56 27 32 76 15 40 29 23 72 15 
697 731 1000 1128 1180 1379 2704 2837 3032 3164 3276 5051 5667 5872 6031 6683 6940 7857 9220 10068 10247 10618 11285 11427 12163 12428 14125 16728 17067 17357 17572 18261 18496 19110 19300 19655 20171 20721 20732 21392 21540 21550 21557 21751 22447 23738 23853 23961 24173 24572 26081 26707 27150 29570 30015 30772 30940 31115 31431 31705 34077 37072 39112 39411 39521 41164 46206 
11184 11975 6508 20966 3698 4508 11459 1939 6893 25643 4175 21439 10271 18070 24887 
1867 2065 8745 24271 13291 16245 21419 3195 5282 6533 13695 13501 13957 6757 17591 
78 69 88 11 36 57 55 26 1 10 49 22 26 7 87 
64 17 1 54 58 11 6 40 80 74 84 81 75 52 69 
434 1846 2199 2225 2431 3100 3283 4282 4355 4681 5143 5221 6335 6923 6961 8891 9614 10769 11208 12305 13843 14008 14465 15917 16458 17843 17954 18058 18678 18719 18869 18941 19800 20184 22736 23192 23652 24293 24364 26074 29479 30433 31419 32383 40614 42551 46532 52967 55559 58850 60581 61601 61703 63123 63123 64952 69050 69776 76485 76842 77810 78127 89637 91579 91881 100838 108946 111584 113547 114716 116040 118050 120270 121761 122139 123350 129341 132709 139490 140807 144544 145036 148448 
21968 20550 8294 22927 17998 3217 24079 2931 3630 18918 10620 10165 4470 9068 10980 
3606 6188 4182 11974 1723 4033 3077 12623 13237 22721 8139 15553 22993 25261 10689 
