51 85 56 32 7 55 63 44 59 4 76 41 80 65 47 
28 26 66 41 15 38 30 73 39 42 2 48 33 34 74 
19985 18313 21830 23265 4477 15548 25683 14525 20299 16132 13211 5221 16556 22363 16734 3272 4748 18502 25398 16356 5879 11757 144 18674 24131 22185 11721 12397 18351 8042 
386 589 937 1226 2037 2412 2917 3589 3797 4308 4396 4710 4892 4989 5160 5211 5838 6129 6204 6641 6761 6936 7027 7155 7234 8218 8434 8440 8785 8800 9319 9456 9988 10171 10792 11060 11351 11789 11789 12625 14047 15950 16170 16547 21008 21168 22461 22695 23091 23115 23971 25110 25295 
25082 23772 23849 21559 6403 59184 21007 44606 22339 51596 3033 13525 19885 17481 21813 271 17501 27244 2140 26088 18653 38724 26646 59240 2406 14084 26504 42502 19104 53902 22493 44209 2631 29232 9368 15156 256 57936 10367 43603 9289 58142 23772 57269 19173 28100 15276 43560 25436 14911 13767 33176 7839 49649 1082 9991 18953 12304 3939 37697 52079 12154 12122 41066 53902 16573 20237 2761 34128 

24046 21756 18724 7717 21175 712 7152 19016 11553 1983 18787 4632 2260 13757 11903 
15305 8639 25224 16240 5153 18635 2856 24748 8763 19059 10326 2040 1229 10872 11131 
5 40 18 24 66 94 80 23 30 28 39 7 39 9 69 
49 38 66 36 22 52 85 85 67 46 89 68 76 28 61 
4483 4166 7932 7818 3670 24372 5504 25469 16707 7946 8834 9428 20301 10859 2013 16703 11421 9427 15714 16696 13037 12510 24992 2857 10229 15882 24503 16971 5082 19507 
202 1191 1474 1625 2207 2341 2426 2622 3172 3228 3820 4311 4393 4550 4579 4618 4718 5879 7212 9028 9458 9705 9844 9990 10045 10286 10364 10602 10649 10698 10837 10863 11394 11416 14287 15459 15627 15885 15909 16873 16968 18461 18533 18748 19648 19786 20611 20803 23367 24248 25226 25399 25583 26074 26145 27948 28666 29084 29807 29872 30582 31553 
20677 963 20762 2918 2281 2526 20686 166 16603 2045 6829 495 18766 462 5651 607 8994 1942 797 2384 19662 741 4875 2201 5174 2253 23248 1189 4384 1037 16827 23556 14570 2497 6992 23846 15734 11293 17794 19938 17923 16940 10194 6364 9997 
