
173 207 571 439 932 
838 214 370 658 384 
180 1148 1258 1353 1642 2635 2934 2944 3032 3057 3090 3203 3267 3319 3357 3403 3525 3623 3793 3822 4131 4228 4269 4279 4388 4402 4637 4794 5698 7603 7649 7960 8284 8526 9593 9762 10058 10574 10670 10684 10691 10900 12123 

54144 6667 24257 42300 44455 31804 17634 33516 39809 49521 43968 37354 44277 31861 29432 33161 53898 62378 37369 13982 7002 52845 11016 31341 20747 20407 36231 31868 48647 56522 30356 41842 24737 30576 30287 3119 31975 47336 45591 54677 
25049 98378 8755 90750 85346 47720 66043 117465 35679 46044 71719 102893 120975 38681 13063 31005 50797 44403 45097 64000 77875 48863 80719 73566 115127 19714 93674 115645 119808 92354 102289 54519 100266 96008 45659 69968 31739 77873 90183 55800 3873 19990 14472 67323 82387 61150 100388 118624 124833 88826 
57 85 11 22 29 73 168 96 177 7 13 162 78 135 87 153 131 63 78 42 22 182 1 46 21 181 23 55 131 154 
77 64 87 33 72 141 107 168 128 181 111 162 22 106 170 4 92 67 28 129 174 10 75 152 145 50 8 68 42 152 
304998 247388 104002 160000 211602 73640 2679 240734 290036 179342 293792 194644 263782 116748 234489 13262 298451 244304 43920 188310 313106 179600 8604 245518 325195 160740 125444 172619 291631 225869 289943 109595 238196 55408 22033 143630 46652 240169 101923 224989 334380 235054 272447 126412 47430 160466 235880 229811 198805 232705 240951 107560 66802 95511 153056 28956 307690 200038 20452 236449 149489 104541 273928 108512 38382 30427 251499 202892 201259 41892 234616 97457 167043 231200 116971 218713 147932 96070 191593 49246 10288 24714 98838 76177 32718 152212 23913 245106 197157 173276 289674 90653 224284 247562 142651 78871 148192 51050 30627 203313 134063 88858 190997 122310 106980 226771 322028 71762 39049 66336 230749 10378 296062 64389 44616 158918 162142 146881 29833 135088 69827 29201 266212 135763 63753 227169 169944 296987 96530 2799 335590 198682 76301 
484435 23380 273438 346509 476387 483715 379733 345735 6781 167611 203515 462991 94281 334668 478493 387808 411972 120957 71641 84130 54030 37530 151174 288577 136215 88162 313567 116862 16775 65089 368882 112884 11667 117353 309639 303881 183039 292382 459279 398675 
24916 219857 327989 180078 192182 82104 27986 504080 360383 118845 19543 290344 419359 340910 229944 465177 227602 35618 63790 131239 158804 126801 32458 64650 98880 323365 430001 365266 280082 80813 238706 37651 331772 99459 133763 60562 31507 268532 143188 239401 
4433 7471 7633 10837 12331 12650 16023 19474 22597 25443 26588 28252 29202 30544 33314 33552 41531 41935 42270 48944 49465 51358 53520 53623 55021 60749 60794 63606 64098 64456 65903 67715 69533 71558 73960 76402 77645 79544 79661 84283 84678 87115 87159 88856 93106 94732 96772 99841 103040 104440 105223 105479 105723 106624 108632 108735 109902 110869 111306 113292 113349 116973 118590 119450 119506 119962 123519 132061 132873 136608 140829 143450 144446 144463 144671 146927 150546 167692 169138 169678 171883 196895 212597 215071 237078 243958 246690 263105 265439 266237 267368 270308 276065 278522 289421 290161 293244 295310 308662 321423 322666 333414 348273 349070 360929 364793 394131 403514 424524 427668 459388 465573 480116 481735 483235 484912 498425 536549 546242 546670 562742 580919 601282 613942 614824 631374 634532 642285 650464 655242 657815 660919 661876 670925 672075 672876 683402 687936 695139 701173 702131 711339 722972 725529 
