26416 9554 9008 13038 10237 2444 15355 14357 17856 11868 16175 24967 20255 13862 8015 26318 20627 2817 16721 21507 1123 12792 11298 18914 9584 11040 13400 2529 22369 16920 
627 1235 1840 3509 4106 4442 5950 7645 8405 8731 8943 9776 10980 11332 12345 12566 13455 13814 14070 14237 15298 16392 16601 16625 16982 17104 17530 17709 17836 18355 18377 18839 21427 21735 21811 22294 22504 22649 23020 23022 23064 23270 23798 24673 25905 26369 26465 28227 30590 32086 32329 32627 33100 33559 34785 35152 36384 36782 37088 38138 38777 42743 50210 50586 51014 52777 53068 54005 58113 
16608 79971 17352 80434 2527 22766 4076 63145 7805 15334 1012 30097 18950 87164 26182 40268 10468 96796 22116 67790 11 80746 20537 78534 23598 58891 25857 56961 19278 81800 6432 23800 10371 101452 25626 12856 6131 91315 9340 54316 23323 53714 7915 71589 7454 84997 2570 102522 1230 38207 18761 57391 14830 47449 9913 21494 14004 47104 22940 81138 98669 49093 1610 4722 92914 74303 82291 2993 70763 36428 89786 36315 44348 2730 3657 37353 10794 

3859 22880 17418 10993 2390 870 18731 26849 25721 14592 14990 17674 24494 16182 10405 5910 24289 9032 24095 2649 26916 6956 10000 20670 5478 10616 18471 21865 24995 18412 
703 1957 2442 4269 4588 4812 4816 4879 6414 6893 9329 10066 10196 10325 10385 11561 11815 12172 12174 12813 12884 12984 13229 14162 14490 14608 15678 15882 16018 16103 16771 16856 17115 19224 19284 20641 22597 22702 23182 24798 25425 25519 26121 26911 28560 31029 31336 33638 34652 35277 37039 38918 40798 41461 42185 44142 44153 46211 47685 48341 53820 54707 59363 61171 61567 63930 64419 68384 71115 75693 75724 75903 79503 
19551 86812 21160 14327 21481 91420 24651 2657 11745 86597 11527 18450 6449 24445 13607 49498 15625 49935 15198 7291 26322 10505 11396 15904 8432 84502 15586 8002 21697 92109 11486 41680 25276 31739 2387 48824 1947 8971 6527 11193 6473 8011 1551 35803 20548 20900 9074 81586 17293 76075 20807 570 14448 41461 25808 31424 13703 23627 7869 57407 29816 84100 66814 78736 86963 74972 52651 74731 85022 30187 37160 19902 60575 46513 76757 39731 

14859 15877 21902 12563 12633 13045 18808 16939 15016 7347 13336 11850 25315 18257 2230 26697 13001 18849 8012 18712 10647 2059 24168 21910 22375 11228 24208 16926 13162 10540 
456 1301 2414 2962 5495 5719 6207 7258 7707 8868 8916 9892 10032 10101 10270 10745 10873 10994 11081 12220 12669 12969 13410 13961 14185 14432 14643 14809 15143 15782 17558 18455 18806 19226 19649 22112 22184 22909 23727 24822 25364 26340 27190 27947 28631 28922 29604 31307 37241 38702 40582 41127 42344 43264 49686 55615 56870 58107 58868 59278 60601 61735 62111 63314 66048 68425 68585 70946 71752 71981 73931 76088 78802 80070 81627 95609 103258 
