437 931 1610 1704 1733 1762 1920 2094 2496 3337 3809 3956 4542 4667 4792 4977 5088 6264 6398 7019 8225 8542 8655 9563 9730 9976 10039 11053 11356 11434 11436 12574 12658 13853 14064 14585 15068 15178 17161 17642 17656 17690 18444 18493 19700 22956 22997 23125 23254 23353 23463 24741 24892 25684 25813 26081 26915 27397 27506 29415 31644 31841 
9 41 67 73 83 58 54 59 66 50 52 39 84 93 52 
48 23 21 62 25 31 93 43 15 59 3 37 39 46 17 
131 242 1315 1953 2031 2267 3308 3504 3832 4637 4806 5105 5368 5830 6007 6811 6970 7130 7800 8664 9393 9578 9978 11465 11581 12011 12380 12750 13393 14561 14978 15186 15325 15658 15722 15726 16316 16431 17210 17370 18453 18580 19056 19184 19619 19953 20143 20739 21684 21857 22456 23447 23928 24006 25041 25218 25562 25668 26164 26712 26806 
19 4 87 2 92 49 2 76 90 18 80 37 5 20 33 
63 48 14 84 92 71 43 92 30 91 82 67 16 29 72 
350 373 1389 1668 2416 2805 2964 3882 5013 5023 5309 5415 6521 6596 6763 6786 6918 6970 7047 7101 7749 8305 8382 8438 8576 8873 9650 9973 10211 10942 11061 12096 12133 12658 13010 13613 13747 13852 14218 14349 14783 17533 17600 17992 18004 18256 18547 18662 19249 19381 19683 20925 21178 21922 23016 23090 26434 
62 22 56 53 19 88 11 65 31 87 28 38 88 52 42 
42 18 12 93 42 77 90 92 89 57 8 77 29 51 14 
2468 2829 3717 4427 5985 6359 6712 6781 6801 7639 8497 9113 9127 9312 9464 10683 10796 11323 12275 12633 14305 14633 14733 15683 16111 16327 17405 19372 19515 19560 20662 20888 21174 22167 23255 23328 23609 24285 24286 24434 24575 24671 26143 38953 41529 41776 42595 43698 45968 49100 51525 51637 52716 55573 60579 66390 69963 70711 71383 71740 72778 84978 93444 93777 95454 102810 112343 114073 117110 122047 122346 131704 135921 138143 138172 142733 144353 148299 149356 150947 151745 157571 165669 165940 172988 173544 
81 45 57 58 8 90 34 3 63 23 53 5 35 80 52 
28 48 23 58 11 88 81 47 93 92 19 74 17 38 47 
206 1628 1883 3276 3709 3966 4632 4642 4799 4853 5055 5199 5669 6013 6695 7417 7683 7949 8155 8332 10221 10628 11444 12245 12982 14021 16769 16974 17690 18584 18830 19063 20415 21209 22567 22621 23015 23276 23428 24804 26126 26555 26596 26870 35184 42343 46296 55055 55221 55583 60488 66521 69238 71950 77955 80513 84021 87174 91637 98043 104005 111240 117107 117533 119802 126060 129917 130146 133109 133417 142443 144289 146362 154543 155254 159318 161432 162075 162578 166607 167076 168976 178228 186672 191114 191793 200354 200768 204800 
8 74 85 47 72 26 72 71 58 59 19 17 22 77 51 
40 11 80 83 9 27 46 88 30 27 5 48 57 58 41 
