7 9 5 13 5 15 12 11 7 3 
18 4 18 7 4 13 4 18 14 2 

28 5 1 14 
17 67 15 36 22 45 56 
76 423 157 239 197 494 18 182 51 435 294 181 112 447 242 
633 345 1639 495 63 462 1189 985 854 99 1368 54 1421 15 274 220 666 83 758 327 1522 146 
101 40 371 19 375 125 253 133 284 161 318 186 178 7 
3917 1078 1104 349 3657 169 2991 332 5030 587 3675 893 4771 1034 3263 405 1084 797 1440 1235 5446 560 2919 2507 4733 5484 5251 435 4463 
3031 5728 4323 5621 1625 5031 4163 4273 4420 3959 1048 1276 4164 3355 5345 5750 1981 1616 1467 2809 3565 5 2431 3576 84 5499 1940 4519 1727 1393 5537 4204 5442 4956 3163 3083 
