1 4 6 10 11 11 17 18 19 19 
4 4 4 6 9 11 13 14 18 18 

5 6 12 24 31 
24 31 38 52 57 58 60 106 171 217 
21 33 33 33 76 203 207 272 326 447 468 512 
5 15 26 32 51 93 183 192 238 436 649 866 975 1061 1169 1289 
54 66 458 618 773 833 839 895 899 900 1351 1478 1502 1514 1546 1685 1762 1821 1845 2193 2204 2212 2314 2357 2376 2392 2424 2495 
19 61 82 201 205 221 236 254 259 343 433 736 741 755 979 1136 1283 1299 
114 175 244 298 563 601 663 689 803 826 856 1082 1116 1189 1503 1768 2006 2238 2465 2553 2945 3008 3067 3199 4021 4745 4814 4857 
