2318 2510 19565 19548 22082 8511 26304 634 15672 21218 21104 18636 19594 22739 26970 5217 17747 13750 18776 10093 18490 13967 23198 15111 24404 15087 3823 23821 25933 9816 
12818 12470 1757 17343 23988 26510 24127 17339 3383 18261 8712 24357 11898 20399 14004 
13290 18153 6452 13457 1283 18474 6459 13653 4089 26809 14496 16564 14533 777 21445 
19560 11160 8057 2927 25207 24342 655 8702 2395 18054 1136 10868 4952 25768 16302 990 2645 20879 6467 3421 6926 10178 20053 1071 7218 26353 1852 1474 11788 24321 
9 59 8 3 63 71 84 26 21 94 4 33 2 25 32 
51 68 75 87 79 85 40 38 36 29 69 46 75 34 94 
6476 21839 19955 8551 25335 10624 19058 4371 18612 10403 19866 780 7654 21344 10271 1851 4073 20503 3618 17815 1267 3156 7399 8385 19372 17813 14984 11566 9371 15513 4257 15 9552 1709 11144 18093 14612 4887 25900 14651 20650 13552 26892 5351 13642 6552 17788 5249 16204 4370 22255 8985 6744 4849 26233 9182 23964 21343 14748 
614 1218 1657 1678 3136 3745 3778 3957 4302 5321 5491 6250 7119 7155 7663 7969 8365 8393 11270 12879 13076 13086 13687 14444 14476 16222 16990 17055 18171 18425 18795 18885 18949 18969 20089 20708 21294 21787 21849 23293 23510 24763 25325 25758 26509 26669 26759 26813 26854 27001 29954 31138 32307 35694 35876 37951 40266 41942 42224 44933 50107 52726 59294 59686 59916 65922 68180 69498 71615 72863 73311 73988 

6711 2954 6313 5118 19902 12252 12361 13202 10320 22848 15381 8343 17317 6517 8510 12114 1283 25970 15472 13254 14052 5299 3605 17336 6546 13727 7957 16696 25497 20510 
14236 244 11417 3752 26476 14640 12321 26047 3582 21059 7686 10542 20300 5813 13856 
16625 18897 22477 23506 6497 7949 8197 3091 14011 8738 7405 22369 12785 6722 13894 
18867 19627 9531 2254 17304 8069 24516 6879 14056 10062 26897 22601 3412 26879 19454 15950 4937 25465 8940 25226 6098 24583 25972 11252 7671 19012 13508 2522 5390 3933 
