280 400 426 3487 4462 5249 5625 5859 5941 6069 6250 7777 9047 9975 10143 12341 12442 13589 13589 13709 14265 14673 14938 16488 17475 18201 18977 19376 19456 20881 21221 23005 24695 24974 26502 26599 26686 29790 31889 36643 39852 40571 43598 46738 48295 51282 55181 57186 65468 67981 68045 72147 76543 78119 80928 83465 84901 85012 86052 88598 93883 98218 102442 105273 116360 120484 120935 136450 141196 145354 153849 162114 162576 163375 165989 167978 168886 169841 172389 172845 175454 175733 177401 179221 181000 181837 182160 
64 46 69 8 19 17 6 52 53 41 16 9 43 26 83 
53 71 78 79 9 35 19 66 23 91 47 22 52 58 23 
22413 5651 7729 359 15235 12870 10424 1004 21790 20526 11158 4938 17175 7201 9926 
7569 150 25568 13626 22981 24152 23143 9962 6212 358 13924 25802 428 14594 2190 
16245 24798 1409 26059 18760 18982 3413 10392 18889 357 14213 15293 15829 18452 7474 24612 8092 647 8230 4388 20543 24505 12086 21466 14147 15116 8059 6985 8892 15545 
25916 5660 19914 7732 9457 9665 3332 6539 16002 10087 17173 6269 18539 13820 15340 4550 6223 2056 5601 2668 2500 7487 21474 2912 21371 13218 3090 8955 13847 8949 23958 12918 12326 15001 131 10382 10665 6301 23852 6857 24922 6885 178 12184 8119 8936 12348 4999 14784 5295 8492 15884 6854 9153 23454 
735 771 2570 3060 4005 4123 4846 5070 5575 5882 6545 6811 7224 8102 8156 8175 8604 8879 9135 10289 10657 10695 11777 12801 14614 15694 16470 16964 17257 18251 18293 19592 19648 20119 21265 22844 23791 23860 23946 24025 25054 25214 25769 37066 38887 40272 40843 41917 44823 51078 53502 55978 57496 58732 66285 67168 77312 77753 78266 85277 89270 92357 94497 96485 97071 98287 99563 101670 105517 107131 110644 115842 116632 118944 119380 119769 125287 127542 128198 128469 128699 134324 144617 
19 12 23 91 49 1 93 47 74 30 19 39 80 88 23 
74 38 49 18 20 47 80 86 88 28 91 55 21 90 24 
21165 6861 16944 9194 12707 8194 21864 22688 25575 11940 733 9724 23528 6685 16889 
22183 6808 4431 20082 21013 20572 1705 19924 9836 17120 4180 6209 13060 6793 8270 
8058 5483 25445 7049 23943 11038 22812 8873 25183 7466 12226 24597 8488 1999 2578 13925 9258 8265 9991 4215 6443 3461 15294 24235 21119 17777 1788 16237 9970 15945 
10738 9888 24024 9470 26156 560 8494 3646 13665 9338 4458 9053 13078 5032 24591 4457 5368 7703 19813 1325 7744 4396 19812 2620 7500 3462 17170 5317 15491 9386 23282 6977 18163 8482 7632 3799 18981 9190 9872 6061 18868 5483 13744 8147 5174 11012 11187 5209 7466 22303 14958 19448 
