unzip
30 51 28 85 26 56 66 32 41 7 15 55 38 63 30 44 73 59 39 4 42 76 2 41 48 80 33 65 34 47 74
reverse_rec
30 8042 18351 12397 11721 22185 24131 18674 144 11757 5879 16356 25398 18502 4748 3272 16734 22363 16556 5221 13211 16132 20299 14525 25683 15548 4477 23265 21830 18313 19985
sorted_merge
30 386 937 1226 2412 3589 4710 5211 6936 7155 7234 8218 8434 8440 9988 10171 11060 12625 14047 15950 16170 16547 21008 21168 22461 22695 23091 23115 23971 25110 25295
23 589 2037 2917 3797 4308 4396 4892 4989 5160 5838 6129 6204 6641 6761 7027 8785 8800 9319 9456 10792 11351 11789 11789
zip
30 25082 23849 6403 21007 22339 3033 19885 21813 17501 2140 18653 26646 2406 26504 19104 22493 2631 9368 256 10367 9289 23772 19173 15276 25436 13767 7839 1082 18953 3939
39 23772 21559 59184 44606 51596 13525 17481 271 27244 26088 38724 59240 14084 42502 53902 44209 29232 15156 57936 43603 58142 57269 28100 43560 14911 33176 49649 9991 12304 37697 52079 12154 12122 41066 53902 16573 20237 2761 34128
sorted_intersect
30 245 863 1029 1800 2705 3534 4770 4995 5049 5070 5597 5820 7315 7482 8577 10970 11103 13064 13834 15130 16537 20597 20985 22792 23047 23140 23759 24204 24223 24364
51 1270 1314 7268 13606 15740 16202 21702 21959 24069 25245 25597 26214 34152 38323 45903 48497 49201 49839 50512 50635 53685 55770 68058 73926 76939 80008 80809 84207 89126 89494 89528 94257 96590 99309 99352 99483 101025 101681 103722 105962 106137 107990 108016 109145 109831 112346 113566 119223 121681 126573 127333
split_in_half
30 24046 21756 18724 7717 21175 712 7152 19016 11553 1983 18787 4632 2260 13757 11903 15305 8639 25224 16240 5153 18635 2856 24748 8763 19059 10326 2040 1229 10872 11131
unzip
30 5 49 40 38 18 66 24 36 66 22 94 52 80 85 23 85 30 67 28 46 39 89 7 68 39 76 9 28 69 61
reverse_rec
30 19507 5082 16971 24503 15882 10229 2857 24992 12510 13037 16696 15714 9427 11421 16703 2013 10859 20301 9428 8834 7946 16707 25469 5504 24372 3670 7818 7932 4166 4483
sorted_merge
30 202 1191 1474 1625 2341 2426 4311 4393 4579 4618 4718 7212 9705 10364 10698 10837 11416 14287 15459 15627 15885 15909 16968 18461 19648 19786 25399 25583 26074 26145
32 2207 2622 3172 3228 3820 4550 5879 9028 9458 9844 9990 10045 10286 10602 10649 10863 11394 16873 18533 18748 20611 20803 23367 24248 25226 27948 28666 29084 29807 29872 30582 31553
zip
30 20677 20762 2281 20686 16603 6829 18766 5651 8994 797 19662 4875 5174 23248 4384 16827 23556 14570 2497 6992 23846 15734 11293 17794 19938 17923 16940 10194 6364 9997
15 963 2918 2526 166 2045 495 462 607 1942 2384 741 2201 2253 1189 1037
