sorted_intersect
10 3 5 7 7 9 13 13 13 17 17
0 
sorted_intersect
0 
10 1 7 10 13 14 14 16 17 18 19
sorted_intersect
0 
0 
sorted_intersect
3 1 8 14
2 5 11
sorted_intersect
2 5 12
2 1 10
sorted_intersect
6 7 36 38 66 93 181
8 78 138 270 336 353 400 421 461
sorted_intersect
7 71 72 170 237 244 338 341
8 98 137 145 150 174 325 469 493
sorted_intersect
5 9 14 36 47 120
8 7 17 27 117 128 173 228 471
sorted_intersect
13 360 458 518 589 814 914 1177 1232 1282 1309 1433 1624 2178
15 66 198 794 995 1090 1184 1231 1290 1922 2144 2608 2609 2729 2770 3072
sorted_intersect
18 284 452 635 818 2212 2450 2510 2833 3396 3485 4397 4696 5212 5227 5393 5538 5729 5775
11 270 390 390 517 588 666 705 773 1001 1216 1326
