reverse_rec
30 16920 22369 2529 13400 11040 9584 18914 11298 12792 1123 21507 16721 2817 20627 26318 8015 13862 20255 24967 16175 11868 17856 14357 15355 2444 10237 13038 9008 9554 26416
sorted_merge
30 627 1840 3509 4106 4442 5950 10980 11332 12345 12566 13814 14237 15298 16392 16625 16982 17104 17530 17709 18355 18377 21427 21811 22294 22504 23020 23270 23798 24673 26369
39 1235 7645 8405 8731 8943 9776 13455 14070 16601 17836 18839 21735 22649 23022 23064 25905 26465 28227 30590 32086 32329 32627 33100 33559 34785 35152 36384 36782 37088 38138 38777 42743 50210 50586 51014 52777 53068 54005 58113
zip
30 16608 17352 2527 4076 7805 1012 18950 26182 10468 22116 11 20537 23598 25857 19278 6432 10371 25626 6131 9340 23323 7915 7454 2570 1230 18761 14830 9913 14004 22940
47 79971 80434 22766 63145 15334 30097 87164 40268 96796 67790 80746 78534 58891 56961 81800 23800 101452 12856 91315 54316 53714 71589 84997 102522 38207 57391 47449 21494 47104 81138 98669 49093 1610 4722 92914 74303 82291 2993 70763 36428 89786 36315 44348 2730 3657 37353 10794
sorted_intersect
30 161 289 983 1835 2115 2476 2637 2641 2885 4106 4659 7619 9301 9386 11531 12207 13184 13471 15704 15784 16848 17795 18483 18997 22696 22821 23356 24036 24205 25563
21 195 296 447 767 1015 1114 1164 1479 1920 2767 3641 4330 4386 4625 4949 5265 5954 6659 8100 8392 8861
reverse_rec
30 18412 24995 21865 18471 10616 5478 20670 10000 6956 26916 2649 24095 9032 24289 5910 10405 16182 24494 17674 14990 14592 25721 26849 18731 870 2390 10993 17418 22880 3859
sorted_merge
30 703 1957 2442 4588 4812 4879 6893 9329 10066 10196 11561 11815 12172 12174 12813 12884 12984 14490 14608 15678 15882 16103 16856 17115 19224 23182 25425 25519 26121 26911
43 4269 4816 6414 10325 10385 13229 14162 16018 16771 19284 20641 22597 22702 24798 28560 31029 31336 33638 34652 35277 37039 38918 40798 41461 42185 44142 44153 46211 47685 48341 53820 54707 59363 61171 61567 63930 64419 68384 71115 75693 75724 75903 79503
zip
30 19551 21160 21481 24651 11745 11527 6449 13607 15625 15198 26322 11396 8432 15586 21697 11486 25276 2387 1947 6527 6473 1551 20548 9074 17293 20807 14448 25808 13703 7869
46 86812 14327 91420 2657 86597 18450 24445 49498 49935 7291 10505 15904 84502 8002 92109 41680 31739 48824 8971 11193 8011 35803 20900 81586 76075 570 41461 31424 23627 57407 29816 84100 66814 78736 86963 74972 52651 74731 85022 30187 37160 19902 60575 46513 76757 39731
sorted_intersect
30 2018 2611 3683 5119 7271 8931 9129 9853 10320 10888 11547 12630 14023 14514 15879 15968 16028 17250 17266 17664 18509 18943 19918 20404 21929 21996 23561 23812 24913 26141
34 2426 2770 4560 4595 5484 6452 6579 12533 14648 16535 17337 18901 21096 22166 23057 24286 24906 27613 27614 28045 28824 28848 29878 30473 30672 33773 33960 35649 35798 36337 37800 38084 38217 39034
reverse_rec
30 10540 13162 16926 24208 11228 22375 21910 24168 2059 10647 18712 8012 18849 13001 26697 2230 18257 25315 11850 13336 7347 15016 16939 18808 13045 12633 12563 21902 15877 14859
sorted_merge
30 456 1301 2962 5495 5719 7707 8868 8916 9892 10032 10101 10270 10745 10994 12220 12969 13410 14185 14432 14643 14809 15782 17558 19649 22184 22909 23727 24822 25364 26340
47 2414 6207 7258 10873 11081 12669 13961 15143 18455 18806 19226 22112 27190 27947 28631 28922 29604 31307 37241 38702 40582 41127 42344 43264 49686 55615 56870 58107 58868 59278 60601 61735 62111 63314 66048 68425 68585 70946 71752 71981 73931 76088 78802 80070 81627 95609 103258
