split_in_half
30 24199 6387 16643 22904 12223 7537 25302 5996 18505 6921 15526 14923 22352 4266 24922 13029 17092 24729 20004 25476 26455 425 22459 18178 10460 19621 14466 15525 292 9266
unzip
30 77 37 71 1 71 91 31 45 80 58 72 23 83 2 77 31 52 55 17 59 89 3 59 3 61 16 25 40 34 83
sorted_merge
30 764 928 1415 2928 2939 2971 3807 4223 6064 6645 8270 10921 11775 12812 13773 13886 14134 19481 19951 20287 20787 22091 23251 23383 23772 23783 24036 24314 24713 25362
18 140 412 466 745 1026 1049 1401 1845 2569 2987 4048 4526 4556 4845 5166 5516 5685 5728
split_in_half
30 18048 5926 20303 18294 19257 14460 4064 16736 25257 20508 26966 25522 1310 7591 10869 7549 15968 13965 17432 5708 17763 1392 19872 26237 23616 11354 20071 12124 23992 14512
unzip
30 75 92 42 27 1 81 28 20 87 72 76 56 74 27 52 32 6 76 61 15 7 40 86 29 46 23 47 72 26 15
sorted_merge
30 697 731 1128 2704 3032 3164 3276 5051 5667 5872 6940 7857 10068 10247 11427 12163 12428 14125 18261 18496 19300 19655 20732 21392 22447 23738 23853 23961 24173 26081
37 1000 1180 1379 2837 6031 6683 9220 10618 11285 16728 17067 17357 17572 19110 20171 20721 21540 21550 21557 21751 24572 26707 27150 29570 30015 30772 30940 31115 31431 31705 34077 37072 39112 39411 39521 41164 46206
split_in_half
30 11184 11975 6508 20966 3698 4508 11459 1939 6893 25643 4175 21439 10271 18070 24887 1867 2065 8745 24271 13291 16245 21419 3195 5282 6533 13695 13501 13957 6757 17591
unzip
30 78 64 69 17 88 1 11 54 36 58 57 11 55 6 26 40 1 80 10 74 49 84 22 81 26 75 7 52 87 69
sorted_merge
30 1846 2199 2225 2431 4355 4681 5143 5221 6335 6923 8891 11208 12305 13843 14008 14465 15917 16458 17843 18058 18678 18719 18869 18941 19800 22736 23192 23652 24364 26074
53 434 3100 3283 4282 6961 9614 10769 17954 20184 24293 29479 30433 31419 32383 40614 42551 46532 52967 55559 58850 60581 61601 61703 63123 63123 64952 69050 69776 76485 76842 77810 78127 89637 91579 91881 100838 108946 111584 113547 114716 116040 118050 120270 121761 122139 123350 129341 132709 139490 140807 144544 145036 148448
split_in_half
30 21968 20550 8294 22927 17998 3217 24079 2931 3630 18918 10620 10165 4470 9068 10980 3606 6188 4182 11974 1723 4033 3077 12623 13237 22721 8139 15553 22993 25261 10689
