zip
0 
0 
split_in_half
10 173 207 571 439 932 838 214 370 658 384
sorted_merge
20 180 1148 1258 1642 2635 2934 3057 3090 3267 3319 3403 3525 3793 3822 4131 4279 4388 4794 5698 7960
23 1353 2944 3032 3203 3357 3623 4228 4269 4402 4637 7603 7649 8284 8526 9593 9762 10058 10574 10670 10684 10691 10900 12123
sorted_intersect
30 449 469 498 746 1069 5850 6426 6856 8259 8305 9067 11213 12906 13143 13476 14656 14669 16230 17028 17060 17079 17200 18203 18721 20226 21906 22482 23503 25601 26059
47 7070 9546 14187 19268 21574 22671 23776 24183 28282 30425 34261 43143 43982 44867 45782 46243 48658 50886 51933 53278 60215 61479 63391 63742 64530 66811 71244 73372 74906 76000 76195 78760 84007 84605 85839 87429 87516 89245 90370 90564 92287 95766 96598 96895 97537 98757 102450
reverse
40 54677 45591 47336 31975 3119 30287 30576 24737 41842 30356 56522 48647 31868 36231 20407 20747 31341 11016 52845 7002 13982 37369 62378 53898 33161 29432 31861 44277 37354 43968 49521 39809 33516 17634 31804 44455 42300 24257 6667 54144
reverse_rec
50 88826 124833 118624 100388 61150 82387 67323 14472 19990 3873 55800 90183 77873 31739 69968 45659 96008 100266 54519 102289 92354 119808 115645 93674 19714 115127 73566 80719 48863 77875 64000 45097 44403 50797 31005 13063 38681 120975 102893 71719 46044 35679 117465 66043 47720 85346 90750 8755 98378 25049
unzip
60 57 77 85 64 11 87 22 33 29 72 73 141 168 107 96 168 177 128 7 181 13 111 162 162 78 22 135 106 87 170 153 4 131 92 63 67 78 28 42 129 22 174 182 10 1 75 46 152 21 145 181 50 23 8 55 68 131 42 154 152
zip
70 304998 104002 211602 2679 290036 293792 263782 234489 298451 43920 313106 8604 325195 125444 291631 289943 238196 22033 46652 101923 334380 272447 47430 235880 198805 240951 66802 153056 307690 20452 149489 273928 38382 251499 201259 234616 167043 116971 147932 191593 10288 98838 32718 23913 197157 289674 224284 142651 148192 30627 134063 190997 106980 322028 39049 230749 296062 44616 162142 29833 69827 266212 63753 169944 296987 96530 2799 335590 198682 76301
63 247388 160000 73640 240734 179342 194644 116748 13262 244304 188310 179600 245518 160740 172619 225869 109595 55408 143630 240169 224989 235054 126412 160466 229811 232705 107560 95511 28956 200038 236449 104541 108512 30427 202892 41892 97457 231200 218713 96070 49246 24714 76177 152212 245106 173276 90653 247562 78871 51050 203313 88858 122310 226771 71762 66336 10378 64389 158918 146881 135088 29201 135763 227169
split_in_half
80 484435 23380 273438 346509 476387 483715 379733 345735 6781 167611 203515 462991 94281 334668 478493 387808 411972 120957 71641 84130 54030 37530 151174 288577 136215 88162 313567 116862 16775 65089 368882 112884 11667 117353 309639 303881 183039 292382 459279 398675 24916 219857 327989 180078 192182 82104 27986 504080 360383 118845 19543 290344 419359 340910 229944 465177 227602 35618 63790 131239 158804 126801 32458 64650 98880 323365 430001 365266 280082 80813 238706 37651 331772 99459 133763 60562 31507 268532 143188 239401
sorted_merge
90 7471 7633 10837 26588 29202 48944 65903 67715 76402 79661 84283 84678 87115 87159 96772 104440 105723 108735 109902 110869 118590 132873 144671 167692 169138 169678 171883 196895 212597 215071 237078 243958 246690 263105 265439 266237 267368 270308 276065 278522 289421 290161 293244 295310 308662 321423 322666 333414 348273 349070 360929 364793 394131 403514 424524 427668 459388 465573 480116 481735 483235 484912 498425 536549 546242 546670 562742 580919 601282 613942 614824 631374 634532 642285 650464 655242 657815 660919 661876 670925 672075 672876 683402 687936 695139 701173 702131 711339 722972 725529
54 4433 12331 12650 16023 19474 22597 25443 28252 30544 33314 33552 41531 41935 42270 49465 51358 53520 53623 55021 60749 60794 63606 64098 64456 69533 71558 73960 77645 79544 88856 93106 94732 99841 103040 105223 105479 106624 108632 111306 113292 113349 116973 119450 119506 119962 123519 132061 136608 140829 143450 144446 144463 146927 150546
