zip
10 7 9 5 13 5 15 12 11 7 3
0 
zip
0 
10 18 4 18 7 4 13 4 18 14 2
zip
0 
0 
zip
3 28 1 14
1 5
zip
3 17 15 22
4 67 36 45 56
zip
7 76 157 197 18 51 294 112
8 423 239 494 182 435 181 447 242
zip
12 633 1639 63 1189 854 1368 1421 274 666 758 1522 146
10 345 495 462 985 99 54 15 220 83 327
zip
8 101 371 375 253 284 318 178 7
6 40 19 125 133 161 186
zip
18 3917 1104 3657 2991 5030 3675 4771 3263 1084 1440 5446 2919 2507 4733 5484 5251 435 4463
11 1078 349 169 332 587 893 1034 405 797 1235 560
zip
18 3031 4323 1625 4163 4420 1048 4164 5345 1981 1467 3565 2431 84 1940 1727 5537 5442 3163
18 5728 5621 5031 4273 3959 1276 3355 5750 1616 2809 5 3576 5499 4519 1393 4204 4956 3083
