sorted_merge
30 280 400 426 4462 5249 5859 5941 6069 6250 7777 9975 10143 12341 12442 13589 13589 13709 14673 14938 16488 17475 18201 19376 19456 20881 21221 23005 26502 26599 26686
57 3487 5625 9047 14265 18977 24695 24974 29790 31889 36643 39852 40571 43598 46738 48295 51282 55181 57186 65468 67981 68045 72147 76543 78119 80928 83465 84901 85012 86052 88598 93883 98218 102442 105273 116360 120484 120935 136450 141196 145354 153849 162114 162576 163375 165989 167978 168886 169841 172389 172845 175454 175733 177401 179221 181000 181837 182160
unzip
30 64 53 46 71 69 78 8 79 19 9 17 35 6 19 52 66 53 23 41 91 16 47 9 22 43 52 26 58 83 23
split_in_half
30 22413 5651 7729 359 15235 12870 10424 1004 21790 20526 11158 4938 17175 7201 9926 7569 150 25568 13626 22981 24152 23143 9962 6212 358 13924 25802 428 14594 2190
reverse
30 15545 8892 6985 8059 15116 14147 21466 12086 24505 20543 4388 8230 647 8092 24612 7474 18452 15829 15293 14213 357 18889 10392 3413 18982 18760 26059 1409 24798 16245
zip
30 25916 19914 9457 3332 16002 17173 18539 15340 6223 5601 2500 21474 21371 3090 13847 23958 12326 131 10665 23852 24922 178 8119 12348 14784 8492 15884 6854 9153 23454
25 5660 7732 9665 6539 10087 6269 13820 4550 2056 2668 7487 2912 13218 8955 8949 12918 15001 10382 6301 6857 6885 12184 8936 4999 5295
sorted_merge
30 735 2570 3060 4005 5575 5882 6811 7224 8102 8156 8175 8879 10289 10657 10695 12801 15694 16470 16964 17257 18251 19592 19648 20119 21265 23791 24025 25054 25214 25769
53 771 4123 4846 5070 6545 8604 9135 11777 14614 18293 22844 23860 23946 37066 38887 40272 40843 41917 44823 51078 53502 55978 57496 58732 66285 67168 77312 77753 78266 85277 89270 92357 94497 96485 97071 98287 99563 101670 105517 107131 110644 115842 116632 118944 119380 119769 125287 127542 128198 128469 128699 134324 144617
unzip
30 19 74 12 38 23 49 91 18 49 20 1 47 93 80 47 86 74 88 30 28 19 91 39 55 80 21 88 90 23 24
split_in_half
30 21165 6861 16944 9194 12707 8194 21864 22688 25575 11940 733 9724 23528 6685 16889 22183 6808 4431 20082 21013 20572 1705 19924 9836 17120 4180 6209 13060 6793 8270
reverse
30 15945 9970 16237 1788 17777 21119 24235 15294 3461 6443 4215 9991 8265 9258 13925 2578 1999 8488 24597 12226 7466 25183 8873 22812 11038 23943 7049 25445 5483 8058
zip
30 10738 24024 26156 8494 13665 4458 13078 24591 5368 19813 7744 19812 7500 17170 15491 23282 18163 7632 18981 9872 18868 13744 5174 11012 11187 5209 7466 22303 14958 19448
22 9888 9470 560 3646 9338 9053 5032 4457 7703 1325 4396 2620 3462 5317 9386 6977 8482 3799 9190 6061 5483 8147
