reverse_rec
30 9816 25933 23821 3823 15087 24404 15111 23198 13967 18490 10093 18776 13750 17747 5217 26970 22739 19594 18636 21104 21218 15672 634 26304 8511 22082 19548 19565 2510 2318
split_in_half
30 12818 12470 1757 17343 23988 26510 24127 17339 3383 18261 8712 24357 11898 20399 14004 13290 18153 6452 13457 1283 18474 6459 13653 4089 26809 14496 16564 14533 777 21445
reverse
30 24321 11788 1474 1852 26353 7218 1071 20053 10178 6926 3421 6467 20879 2645 990 16302 25768 4952 10868 1136 18054 2395 8702 655 24342 25207 2927 8057 11160 19560
unzip
30 9 51 59 68 8 75 3 87 63 79 71 85 84 40 26 38 21 36 94 29 4 69 33 46 2 75 25 34 32 94
zip
30 6476 19955 25335 19058 18612 19866 7654 10271 4073 3618 1267 7399 19372 14984 9371 4257 9552 11144 14612 25900 20650 26892 13642 17788 16204 22255 6744 26233 23964 14748
29 21839 8551 10624 4371 10403 780 21344 1851 20503 17815 3156 8385 17813 11566 15513 15 1709 18093 4887 14651 13552 5351 6552 5249 4370 8985 4849 9182 21343
sorted_merge
30 614 1218 3136 3745 3957 5321 5491 6250 7119 7155 7663 7969 8393 12879 13086 13687 14444 16990 18885 18949 18969 21294 23293 24763 25325 25758 26509 26669 26813 26854
42 1657 1678 3778 4302 8365 11270 13076 14476 16222 17055 18171 18425 18795 20089 20708 21787 21849 23510 26759 27001 29954 31138 32307 35694 35876 37951 40266 41942 42224 44933 50107 52726 59294 59686 59916 65922 68180 69498 71615 72863 73311 73988
sorted_intersect
30 262 503 657 1556 1966 2029 2737 3641 5451 6133 6308 6316 9617 9632 10354 10731 12114 12605 12955 14026 14045 17781 18834 18874 19965 21017 22205 23243 24094 24356
41 232 682 3518 5284 7476 9407 10216 11188 11505 13651 15283 17785 22282 29205 29621 30259 32100 33806 35407 35652 36567 39872 40294 40972 41392 42652 43423 46349 46802 52968 53320 53665 54485 56745 57513 57552 57731 60552 61120 63752 64402
reverse_rec
30 20510 25497 16696 7957 13727 6546 17336 3605 5299 14052 13254 15472 25970 1283 12114 8510 6517 17317 8343 15381 22848 10320 13202 12361 12252 19902 5118 6313 2954 6711
split_in_half
30 14236 244 11417 3752 26476 14640 12321 26047 3582 21059 7686 10542 20300 5813 13856 16625 18897 22477 23506 6497 7949 8197 3091 14011 8738 7405 22369 12785 6722 13894
reverse
30 3933 5390 2522 13508 19012 7671 11252 25972 24583 6098 25226 8940 25465 4937 15950 19454 26879 3412 22601 26897 10062 14056 6879 24516 8069 17304 2254 9531 19627 18867
