sorted_merge
10 1 4 6 10 11 11 17 18 19 19
0 
sorted_merge
0 
10 4 4 4 6 9 11 13 14 18 18
sorted_merge
0 
0 
sorted_merge
3 6 24 31
2 5 12
sorted_merge
4 24 57 58 60
6 31 38 52 106 171 217
sorted_merge
4 21 33 33 33
8 76 203 207 272 326 447 468 512
sorted_merge
4 5 26 32 51
12 15 93 183 192 238 436 649 866 975 1061 1169 1289
sorted_merge
14 54 66 899 900 1351 1478 1514 1546 2193 2204 2314 2357 2376 2392
14 458 618 773 833 839 895 1502 1685 1762 1821 1845 2212 2424 2495
sorted_merge
7 19 61 201 205 236 254 259
11 82 221 343 433 736 741 755 979 1136 1283 1299
sorted_merge
11 114 298 563 601 663 689 803 826 856 1116 1189
17 175 244 1082 1503 1768 2006 2238 2465 2553 2945 3008 3067 3199 4021 4745 4814 4857
