sorted_merge
30 931 1610 1733 1762 2094 2496 4542 4792 5088 6398 7019 8225 8542 8655 10039 11436 12658 13853 14064 14585 17161 17642 18493 19700 22956 23254 24741 25813 26081 26915
32 437 1704 1920 3337 3809 3956 4667 4977 6264 9563 9730 9976 11053 11356 11434 12574 15068 15178 17656 17690 18444 22997 23125 23353 23463 24892 25684 27397 27506 29415 31644 31841
unzip
30 9 48 41 23 67 21 73 62 83 25 58 31 54 93 59 43 66 15 50 59 52 3 39 37 84 39 93 46 52 17
sorted_merge
30 4806 5830 6811 6970 7130 8664 9393 9978 11465 12011 12380 12750 14978 15186 15325 15722 17210 18580 19953 20143 20739 21684 21857 23447 23928 25041 25562 25668 26164 26712
31 131 242 1315 1953 2031 2267 3308 3504 3832 4637 5105 5368 6007 7800 9578 11581 13393 14561 15658 15726 16316 16431 17370 18453 19056 19184 19619 22456 24006 25218 26806
unzip
30 19 63 4 48 87 14 2 84 92 92 49 71 2 43 76 92 90 30 18 91 80 82 37 67 5 16 20 29 33 72
sorted_merge
30 350 1668 6521 6763 6786 7101 8305 8382 8438 9973 10211 10942 11061 12096 12658 13613 13747 13852 14218 17600 18547 19249 19381 19683 20925 21178 21922 23016 23090 26434
27 373 1389 2416 2805 2964 3882 5013 5023 5309 5415 6596 6918 6970 7047 7749 8576 8873 9650 12133 13010 14349 14783 17533 17992 18004 18256 18662
unzip
30 62 42 22 18 56 12 53 93 19 42 88 77 11 90 65 92 31 89 87 57 28 8 38 77 88 29 52 51 42 14
sorted_merge
30 2829 3717 4427 5985 6359 6712 6781 6801 8497 9113 9127 9312 9464 10796 11323 12275 12633 14633 14733 17405 19372 19560 20888 22167 23255 23328 23609 24285 24434 26143
56 2468 7639 10683 14305 15683 16111 16327 19515 20662 21174 24286 24575 24671 38953 41529 41776 42595 43698 45968 49100 51525 51637 52716 55573 60579 66390 69963 70711 71383 71740 72778 84978 93444 93777 95454 102810 112343 114073 117110 122047 122346 131704 135921 138143 138172 142733 144353 148299 149356 150947 151745 157571 165669 165940 172988 173544
unzip
30 81 28 45 48 57 23 58 58 8 11 90 88 34 81 3 47 63 93 23 92 53 19 5 74 35 17 80 38 52 47
sorted_merge
30 1628 1883 3276 3709 4632 4642 4799 4853 6695 7417 7683 7949 8155 10221 10628 12245 12982 14021 16769 16974 17690 18584 18830 20415 21209 22621 24804 26126 26596 26870
59 206 3966 5055 5199 5669 6013 8332 11444 19063 22567 23015 23276 23428 26555 35184 42343 46296 55055 55221 55583 60488 66521 69238 71950 77955 80513 84021 87174 91637 98043 104005 111240 117107 117533 119802 126060 129917 130146 133109 133417 142443 144289 146362 154543 155254 159318 161432 162075 162578 166607 167076 168976 178228 186672 191114 191793 200354 200768 204800
unzip
30 8 40 74 11 85 80 47 83 72 9 26 27 72 46 71 88 58 30 59 27 19 5 17 48 22 57 77 58 51 41
